11004 611565566666153552662556153165666665266653661534661111666
11012 431354444622132211663644456162666464666464361433561116666
11016 666666666656666411361661133113122111111111211111116161111
11020 111111111111111111111111112111565661266666561561561311156
11028 111121212131122151555515242163265665645661551211561122346
11040 421553445544145422655454245254555664555451251111363532544
11052 666666666666666664666611161111111164111112111111216211111
11056 553664564656246544243626626564454666455462546243463442432
11060 232231342223233342444134656655454655444343342232452335444
11068 213354234332253321543256446633666364666665451343351234455
11072 666666646666666121166661111111666111166161111111641111111
11076 666666646666666621166661111111111111111111111111116161111
11080 331543322324235422554435244162566543355464351243641122455
11084 111112211111121122323254322423263654456665543664551222426
11088 222222222242224255242465426452555666255553554221564442554
11092 221222231122113323431446455152661666566565551262451112666
11096 111241212314124311311113454434666442366665664255661222646
11100 111111111211112121151525252111266561566622661221661111156
11108 232343242332233333343434445455555544455553554333343344444
11116 654565666656665666165566333155243114313361131611116663111
11120 643166516661466551464465554446343635453333131112543554533
11128 111131121211111311261166666166666666166621661111614641433
11136 451452432534244555264556646664665646565552451221451443554
11140 666665666656666641166666151111111111111111111611116641111
11144 111111121111121111123125233222566465466665551663461211346
11152 111222212221122322542225223232555555555552552323461222555
11156 111131114121112111641564122122666665666662651163551111666
12004 665666666666556421166662121141111114111121111611116611111
12012 332343435433143354344465344553555666654441333312421335555
12016 211141312111122111111163221111465661166666661261161111316
12020 111141111111231214145116214114666565356655664544561211656
12024 441444465654246535665665646665554666644553511133563224453
12028 552566615566126661666664444445121646111141111111126611221
12032 111111213111111111121111111111666662166666661161661111666
12036 111141115112131111231121155112566411566666562552661112446
12040 112131232211112122442443361242555665466555663555552224445
12044 455566646155345634566654423242431133422421131111136651161
12048 211121111112251112165425445545666556666563351151621115656
12052 311243422222122452363664263553235546624452131212252241333
12060 221252532232234663464454655564555566655455341342452235565
12064 442443545454245555114644444546233435223431221111235223322
12068 121222222221225234342352524355454666444221431121532323554
12072 212343435532154452255556666666665566656565522242254245544
12076 161111111111111111111114111111666551166666661661661116666
12084 111111211611151311111116564111666661166666661361661111666
12096 221242411414212444362124343234655666655465344265552343555
12100 521662546665144666464445545455444564544452331111523443334
12108 111111111111111111431614211311565642466664563444461511556
12116 433666545536346464255466334353323445332242222333325152121
12120 542453445634244443542244345454555344454554354534462444444
12124 111111111111121321561122444141665662565662351362431111166
12128 536665665665246663662665666666655656565544651111262516565
12132 311141125511121111421615243122666662666665666466661313666
12136 411121111111111111254114415155666661666666661565561112166
12144 626666655665465443266666666646444644564411211111531566221
12152 664666656666666644166164513131161112111111111111116421111
12156 666665656656656223146651111111111151211221111111116121111
12160 665666556666666561556561443323252325212152121221222522426
12164 111131212111112111451214646661666461466655453454531111666
13004 211343233125135311153415243335666562266656661121461611666
13008 212344265234246425262665466466555666542321221541461355553
13016 211531222133112312641124553211664352166665662154661111216
13024 265252422113362562165164652343464616323464225436361255555
13032 325442624335546462444655245323463335553342232233434323322
13048 141111115612111111411115556164666564366666633353221112666
13056 221342553444145462463645556445666656566551122442421223555
13060 121221222311131566244244234165666665466665561454561111666
13068 111311121211113311455565254326666666666461131561431114555
13076 343443455445324432554444665566454654344442331131334643442
13084 433453443415265422453644436442666664465556361561661213464
13088 111111111411121111551111111121666661166666651651661111566
13092 111111111111111111121111121111666662466665661661661111116
13096 111131322122113641412114444444465543466664662363563332455
13100 442654565655135454564565544444342566643251241352334342342
13104 121211121111111224151125121615666655465666661521361111116
13108 663666666666366666166662112111111116111111111111116111111
13112 212242223432122234651555656454564565554541361222251554651
13124 663665656666546653456665124111111225411111111111116121111
13128 111111111141111161111111161121666261166666616646661116666
13132 111131213111111111211122231222666241166666562362261111446
13144 121131112112123221331232232222565344466663362562661222666
13156 111211111111121111111113564151666661266665561554661141666
14003 222441423224134211552545464352666662666663351652661122266
14007 666666666666666551166661111111121111111111121611111551111
14011 211111111111111111344214424321666552266666561565661111116
14015 321432223545124534564145555446666664464464151341451334464
14019 121161122232144212434546666464565664666666661161661126464
14027 111221211151111211442226635122666664666665661431661111266
14031 311331115212112211133242342315465564555653352441431111466
14039 111111121111112331422666126161266666565641131115261111656
14043 121231133112141213411223425334666642266566652463662113554
14047 131223362133223233545365454555554666554243331412652224555
14051 111121111311112111564166666226461565666661161651311212556
14059 423242244224142332241135444453666342366665654545661221666
14063 111111111111111111111111112111666451266666663565111111456
14067 121344422214123211422324525222566662255656542433561122266
14071 111111111111111111511142515151666661166656661451661211556
14075 211231242212141554544665263252555666625654331121231213665
14079 121452642234122222551145666155666662366464352154441111516
14087 211121221111112222261464434332566665665665351111421112666
14091 111111121112141211151111121111666661166666666666161111256
14095 111111111111112211242412122121666665566661661151561111656
14099 111131211111111111511112241112666461166666611561661111666
14103 223352364333253655553333364353554665556354422431352332455
14107 211551443444141154361664164244441636314111531321321211355
14111 433341465433244454665566666666664666665463341321642446644
14119 111111211141114441564246221151555665356666561211351141655
14127 321453464424142122262456446564666665565552452333551222566
14135 453544545535455555453565454455535555653342331322334443443
14143 111131252122122131462356266262566563163143351121551221454
14151 431553544644346565565666654445444666554421241111245513222
14155 111121123111111111411111144111666151266666662551661111666
14159 252241323113253334222454454433555564565553554444542234444
14163 131141561264145222455666536456566566554312141611161114655
14167 511662536646112611521112512121666121166666665566461111666
14171 445565535363566665365656444355243456312532521162426554111
15004 663666666446356564146664454462533566452221231221246661321
15008 111222121211121111444514424215566664266665154665661111666
15012 663665566656356562365666424242343525333231131121226563221
15016 611132111111111111416112265252666561166656661665461112666
15020 322342333333243544463454435464444666544451241122443333444
15024 131111212112122212244435442421666552466565552522551141666
15028 444665566635225521661165666466666665455466651412654546445
15032 115141144122142222641124263541666461466566262436663121666
15036 413222243522141513361225363252666362265646561341665222556
15040 532545245524445342464545554565343554542232222211323545453
15044 665666666566666551466664131141114112111111111111116661111
15048 666666646666666113161661111111111111111111111111116411116
15052 121341213132122312351115455345666452466645563244461212656
15056 432564456655365564255516644662635655533632331111545553221
15060 222342423454144534434665656546565664665553321631451565554
15064 666666666666666111166161111111211111111111111111116111111
15068 111411111112411111411111114111666341166663661561661111666
15072 111111241121111312222153323121452244466651551563351112566
15076 121222232212122112555254453514666662266565561251661525554
15084 665666666656664121566661111111111112111111111111116111116
15088 554453454553244463665666446564445666554341431133335556332
15096 644664646666246464164664123133434666534332361644363553133
15100 253645454233155654363516564264465666145451451442342335444
15108 444251555254334554353565666565565666543443531232441554444
15112 331443333456136562545664565545465566645521541111435543311
15116 111121221211142232222515455343666666566665561463651112565
15120 223342222322142223534424664533565454565552322442551233454
15124 111111111111111112212134463424565642366155664442361222666
15128 121121336511131121141364243552665564266665564644661111656
15132 533565663466335665666666364444224666633431221111126653221
15148 654651666166666665656663114141151125111211111111116511111
15152 111225346613122244466526666556655566655452241142561336522
16012 221355222565156522552345666565266666656662561111253522555
16016 111111111111111111166111111111664111166666616165161111656
16020 221222322222112321233114553543465664356565352243651223555
16024 121612221611131115161116222121666455166665666666661111166
16028 641661564645166531664536666666566656443433331431443236444
16032 121112221212122222152222555121555545255555555565521112265
16040 121141111111121321421554556454666666666665651151563222566
16044 655665666655556552566662243231152624532421121111215561111
16048 122232333323233322342335333232465554455553452253451332555
16052 111111111111111111111116151161666666666661161661661111666
16060 342452444242154462162555544455455566545563441213442444553
16064 111121111211121311561324224133665663366665551651661112665
16072 433453654436434653363556654364445646534422221111223443443
16076 564651515666566244143665111111111416511111121111116661111
16084 121231333612122314353235656555565666655552531353461225565
16088 111232343314161354542246454165666665666662551221661111226
16100 211431212423111311111611443424666561166666661561661166446
16104 441464435444146444466636445336351666662131111211424564321
21001 131454211613132523451446446426666666666461361161661135443
21005 111111111111111111433231243211266542266665543553651112666
21021 453666466656356452264666665646442644342242131121132564222
21025 211222244311143231631225646664666656266666662464611264656
21033 666666666666666111116661111111161111111111111111116611111
21037 232243233422232331442433456445455565555651552442351213556
21041 111111111111111111111114111111666651266666663665661111666
21049 431565545565155561565666255136224626332421111111214453222
21053 121122415422152125411224422255666563466556554613661111666
21057 211441222614114411321211414521666661266666664146661212665
21061 531442342534123533364434545342555556545544552432552223544
21065 553554546455345554262254323323322325322221222232225552222
21069 111111111111111111441113221155466666666665561661661111666
21073 642566556556355544564615545455444556453441431233434554332
21077 333454344444334444553344555556554555455452353342422335443
21081 112341212612135423452454466666555664635565431441252121616
21089 221331443351132211342266444354455666545555441215362222553
21105 663666666666266561166654411111111424511111111111116661411
21117 665666666666566655466663111111111112111111111111116661111
21121 111131223111112112231131233133666464666666661541661113656
21125 221431411143135411444435645645665664456664232231361233555
21141 422341343523234532552124244342666543566666662562261211456
21153 231241332242123432254456566466555664555555341444452236555
21157 431642564446246644454554456466333446412341511132214556351
21161 565666665666365541415655666555454616554241431216356555121
21163 221141221143233223435333455434455662345653641164561234454
21165 111142113111112111452535666346466562556551451153641224565
21169 111221112121112211253222124123665262566666563665661141566
21171 221333223213233244344344423333555463455563551553341221555
21173 111121111112132232521346666456564665666561251421421123256
22001 111111111111111111111211111111366661166666661551661111116
22005 311543444644144421642426156156566665555665561251551111666
22013 111111211111142141324356262164116665662543431241551111116
22017 325433455455154561664646646566262454433231431111523553323
22033 111111111111151111561111111111666146166666661641161111666
22041 233465646644565365566664225233333414412411131616236421111
22045 222353433642243332232334544243555452355644551443642323445
22049 654665656666566255664664242161121224111111111111116542111
22057 651564656665156464465666566663454666645421131121223463422
22061 531555554544354565565556213263332536432242221211425553442
22069 231554523434134233654245646666444346445451221231351433443
22073 121141324111111111642222124132666352266665565566351111666
22077 423433433535345454464535534655555565443322431211344443422
22085 124465435664144444344334666344565614546343441222432343444
22093 663666666666366616164464114111111634111111111611116661111
22101 222311312122223221442442444444355552454454554544561224555
22109 222261325223133232442246545444665662656561343342431334644
22113 121111112131236223442656564655565665365454541133661336435
22121 664565666565266661166666224324122666412111111111225545221
22129 353233234342155323443366666366666656663666664424662226556
22133 111122211122112221564433334242565663565564551544651123655
22137 111152121111121111442134634313466541465456563414661114666
22141 511662625614144636363525425364666656566566661113663335544
22145 633665556646336666666566455555222666512221351151425612351
22149 313243332332134433544444344334665464564564632633452434544
22157 111111112111121111241132223111465664466655552463261122646
22169 111121111112161111111111111111616161166666666665661111666
22172 111113121111131111512313412321666441166664563554661111666
22174 666664666665656631166651424123121212111111111111126611111
22182 665652656646466563166664254442142445212222211511225252222
22184 211233342133143333334364222424666462266665554466662333665
22186 111221412413112212211112565424566552566666665444551115555
22190 245341345252326644666555656456251566524452331231333653442
23001 221552425654135452265565425552222456222221252223526652662
23005 111211111111121111151122244111465655644665152323431111656
23013 111141214411161111131512242111666641666666554165361261666
23017 111211224112122211433343254252555665256554251664551222665
23021 516665516631164614461166166161666666666666613556661616666
23029 121111111141141322223326363243555665655663451431651212566
23033 423241315132223222452443344233665463565546453555552252555
23037 211351344224152212441512111111666652166665652452661111156
23045 366665663666665353156514311141165621122211111111111211111
23049 111161163111111114161116666465666664466663661461461163665
23053 111131212121121111321114414141666661166666666661661111466
23057 421311431311212121242311334414566454166465566551661235554
23065 231354332533446354563325155151666665566665361443461131666
23069 311141112611131122264565345153666516566661561661641232335
23073 666663616456336554664656646666444666644434441131464454464
23077 241552534622555655356666556556223666612141221111244655432
23081 111141123112131151651456111111666662166666561661561111616
23085 143243413131131212111666212121666663666656661263661611166
23089 121422543634111511441116566256666561166466661461661112666
23097 665666666666666611166666111611111116611111161111116111111
23101 113433314333235666464666566566666666666661161116444346444
23105 111111111111111111555122125151666551566265653252561611666
23109 666666666666646111116111111111111111111111111111116111111
23113 211151114112151111551511114111666151166665662665661111466
23117 533665555555256544363446344364555666654444451211443444444
23121 663661646566666661466662154141215666444441441111646111641
23129 665666656166116666666666414466666666666664661161636111661
23133 111112121111141111631141211242666622666645366566461111566
23137 111132232131141252351134225154666543466666665564561114666
23141 411553414315336555455566446364453236522422231111466553122
23145 123122121111241222461444222252666664666662661124561132556
23149 522563544554254645666566446455444666544351111121114654441
23153 111111111111111111542111211111665451366666563155661111566
23157 111111116211111112551124224222665262466666111551261112356
23166 111222111211122244356455554142666645666164461551165221556
23168 333433434634324443454425555454344535433432331222434545343
23170 645665645656444455146465125144453425443351341121536532116
23176 233443444414232424331444445656454454365453552431552335444
23178 132431223443234432133455444214465563466553431441651113545
24004 111111111111111111311211111111666662161666664164661161666
24012 421463526641145656564564244152252644611251121111345661366
24020 111111151261161111561666566666666666666666661146661116666
24024 431441434634144411361411644434666662266666461341661131666
24028 411653436632132351666666662366432666653522111156413334441
24032 111111212111111211611122112151666255266666663545661111666
24036 231241333231112662662616536166666666666541651111651115666
24040 433442344444344564564456666656666664366443361443443344444
24044 111331321414133311133213565134666663366646661561661111666
24048 431441444434144333343444454444544546446464441341443334444
24052 111121112211131111421123244111566541266566662562561111666
24060 552561546666155542564466655266656666655553551111552566264
24064 111331222412122566262666546255565656254553351131551433555
24068 331343443333344444554444444444434444443442333333433442332
24084 111243132211111122332234363233666563466664661563661112466
24088 453435444555366253256664434244252445323411231111245642231
24100 131142315411114114153644144311666663665653661111241221656
24108 161111111111121111141612111111665412266666665551561111446
24112 662666566631665545255654111111353545443331411111456441342
24120 111121111111124131265324664556566615565665552151541256354
24128 343442545354344442454554645656544564444443341121443346444
24148 532463534435344343344556454363113226222421121122225533322
24160 122242422122132344432355444254566664554643451321452213355
24175 111141111111111111151121111111666521166666666666461111166
24177 643553433543223565662345655455464566665522131111443336445
24179 422341313642212521443326565142666664166666662441661612356
24181 111221222112123212561344444412366666446643241432532332655
24185 111111111111111111144131131121665661366666663666661111166
24191 111231222211141222522214155352566666465656661545561113666
24193 231342345343645431632361646544664666565553331351462333554
24195 121122111111122222242413334232566653555555355554551222566
24199 421451513644125254535456656666465665664652321233551261555
24203 333433333333333433433434454544544443344444453344443333444
24205 211331313335133311441633311233465616466163311441361331356
25001 666666666666666111166661111111111111111111111111116111111
25009 521462625655135555161466524432443666642541351111254443424
25017 666666666666666255166661111111122111111111111111116661111
25025 422343434623234533553245545443666454465665661422661235454
25029 231564652526346664466665254252122226432121121111225531221
25033 121114442123124113612134644444666663466663661341661124666
25037 211433343334124422653234666364666665364666362321361216156
25041 121131131111122111452254132152666662365655541543561111666
25049 122321213222114523333445665244566554445544443332542334554
25053 345443434534433444454555656666455564545453452332543466444
25057 666666666666666111116661111111111111111111111111116111111
25061 663666626665666421165666111111111111111111111111116141111
25069 331543333334224531333256666566464665544451552222441554651
25073 666665656656666553166564111111422134124121211111216661111
25077 421554445635244554563566666664353666624341221121223445443
25089 342663544655344565464656224352442466643442211632352433433
25093 443354544454344453466566666666346466645442241433344455543
25101 213311314213222332452532213323655463355664543454552123656
25113 531462446443245465365656454454243455433331121331355334433
25121 663666666616166454166664114141111344111111111111116131111
25125 332543323524234333444444665644666644466553651332543236445
25137 666666666666646111146661111111111111111111111111116111111
25141 111111111111111111111114111111666521166666665612661111116
25145 111232222322222222342212233212666662365665561361621222246
25153 121441333434134423432234225242566453355666552433651323455
25157 331463335353135566464245124124123266531431131131422442333
25159 111111111111111111121661112111666642166666662663661111166
25163 623554565616555665566456235252222626211422111111125552241
25165 664666656666666666566664445534342445342341241112256161116
25169 651666666166333665166261226262131436312311131163221212121
25173 121231232311224444455556565556554654534441231531231233544
25175 442554445445245454454444544445453556543441231232434445432
25181 111111111111111211441113243222366653166666662466661512356
25183 551665554646345645666644466445232222322651111111525511111
25185 111141111111161111111112114131666661166616666666661111316
25187 221451412652125412625134266342666662625165251123361211663
26005 111116161211161111111111161111666661166666561566666111666
26009 556664645656555434266555344223543665533221431131445543222
26013 221142224232132331452124254461665565466535643162562553656
26025 221444424445126432653545666666444555524441341351352332342
26033 111331112523142322221133142221466442361666663163661111666
26037 666666651666466664116651111111111114111111111111116111111
26049 666666656656656215166626114141124416611141311111126611111
26053 111162351131142231361666445443565363636352661562361116646
26057 362662664336366254266564433324113226211111121211226652221
26065 111422342643121121161266666166666664665665231343661111116
26073 331442324333232333543325555465355444555553253343552333455
26077 321242334233123432653256566566556656644563141444531335443
26081 111254333321155313242366666646243455132524444653141226465
26101 543666665646266242466464566664454644243163211445324545442
26105 111141444331132111211422524122666551566666666546661122666
26108 111121133112112141354214424334555664645442131454321132555
26110 231661534636155656262364266122665626466565663665625552555
26112 122242454434143322462555332343555564555433461315351223554
26114 111321212612126111611164112111666661166666661321561111666
26122 313332433323232333242534463343665543355654522445651334455
26124 132233222222233223442423446333665453555556653343561323556
26126 111241142112112251163446646664666664366666662244661446666
26132 561564516536346661266256222551222116122222221211215513115
26134 111121111111142122565555131123166666665652665224561114666
26138 231232231433343222332555252433556664555453551151252223555
26140 431434434655115433652235616666454445444443123444131331155
31002 111111111112111222555664446463662616666651121121161111666
31006 665663646666466454155666134132564645654451451121655246111
31014 152211122151122226222225362323455543255565525552562223555
31026 643666566654366655563666366364455666444543351141353344544
31030 121121224411113452463666363433633666644442251244421334662
31038 111111111111121232351443333142554664466653661121661112656
31042 221231213412132222242423252222666543366666662443661221554
31046 111121211131111111545342224221366562556665561111561121556
31054 553565444654344554254555334544565555565561552222435554342
31058 513563444555454545355455444353444424434441431111344543333
31066 111111113111111112441146141111666561666666661641661211456
31074 653566464646465244253665224232443366432541431121424333221
31082 112232332233122322442443224142564554455545563444361212656
31090 111151111113111212462664115161464566656561441141521112666
31094 211333223232132364652236324252566664155455551142461113551
31102 111113113111141111644245111111266664566665261111651111116
31106 114441211313311533165665654155666666666223411111546514555
31110 421252433422344333652444666645655555455553452353551336442
31114 123133143313233131643444436453564663455443441111341244444
31118 221551654555335433543646614562666666666663661542363443645
31122 311651434635112311242112362232664563266666662564461313666
31126 111122111111122111555615545451666661166666661544662125666
31130 121531364243144642555256654666554665555444241121523454552
31134 111132232121131222462443253252554544155654555654451162666
31142 332333333433333333444445436443555656455654453333443333555
31146 343343434334244343444444444444454554455542352232443343454
31154 111111111111111221255536533352666666666665662261661112456
32002 121111114111113123333615666444666443466664464443661213553
32010 121121114123132333564416534665445666655363341441341223555
32014 521653313126126121321335234242665664565454351451651225555
32022 221332222332132112122123322222455552266666564452261112556
32038 111121114311112222546556254243666555555562542362631324554
32062 111111112111125111212514116151666664656665561661551111666
32066 111121111111122123321253242253366654566653551155661222156
32070 311153222212122141566655524466352665523241321111431124452
32078 133141413111123121241645433453656516665352511111661233554
32086 113232333323232234444444234332556554466555462254561433546
32094 623666666666544561214452211111111213111111111111216121211
32102 433433334634134333543435556455453553455553452332642333342
32106 415244244144143462643435446544455544463343352354622325454
32118 111111111111112211343232434132566564465656532663461111666
32122 333354354555445455565646656666665656564651221341644665544
32126 331242434433215453455666656566454665546542251345333444443
32130 444644454656446643444443124133443434443433441111333441443
32134 332343333333333333444444444434555664455644351634341333452
32142 111162111311136111466263116161666566666665251561452211126
32146 121112121111112213441344324652666664456455651452663123466
32150 443454455455445454455555456444433545542331231111425454231
32154 122131312112122223233334333343564653355555553453552233545
32158 111111111111111114151354111111666455666665563563551111316
33002 111141111112131222363422442421666662466566661361661211656
33010 131441341512134231466666626465636666666661152451631246464
33014 666666666666666111116661111111111111111111111111166111111
33022 523153444465266555665655243222362335111231221114325652111
33026 111111112112111111662114111141664561366266662436561611446
33030 665665666666565564566663242131241326211121111111116221111
33034 111222231421122332354333434446365643466565554564651321545
33038 142322524141324433442334515653253564444243241131443344444
33042 131111132121112113424215565544555655415652661341661335454
33050 543262442223142243213114666666665643466456664464661411665
33054 345464564644341663463666455356544665354441451311433446343
33062 666666666666666511166161111111111111111111111111116111111
33066 111442334223123111353134111111666442366665665566561111666
33070 111332223223132445534443334242555466555555531221451322565
33074 542563435635246534653536435544665614266655351341562225555
33078 332232323422232322362245465444565553455555553543541524545
33082 121121112111113242365666433332546656646462661121651224646
33086 111121113121113223424455545545455564455555553352551214555
33090 551555555455156455545266224242222246422231121221225552222
33094 656664656666556431165653121111241215321221121111126111111
33098 666666666166666111166661111111111116111111611111116661111
33102 131351224222133454542356356263565666546451451541621233555
33106 361554544255136555566666666666666666666565661151662566546
33114 111111111411121111121111121111562221166666665466661111126
33118 111121222111111212223215222422666422356666463453661111666
33126 323463666513324523666154666666666665666451661411662246464
33130 131242241111223212543456625353666662566564661251161343655
33134 634666665626656524126666464424121215111121111111116415111
33142 111122111111112211451313164145264665265664531541351111666
33146 654665665651455656261611114141433336232221316111326611122
33150 331342311121153321441365466544666665356665561111561113666
33158 321221252122152444555665345245656666656662351121561224655
34001 111141222122222323533444234232565664465553565552552333565
34005 111141111111111111161115415252666544266666664666561212666
34009 532543354444245461144343464454665665655525552141563443465
34013 443241436653244452564466646666665566466634361431461466441
34017 143431345344244342343664366445564654356553551542543344444
34021 221332222532124552645443344444455456434532242122242334443
34025 111111111111121111324522131111164653566565561654511111556
34033 111111111111111111111161111111162221166666665666661111446
34041 313451414534115411155166444345666663666665361642661112646
34057 111111111111112111111113166116166631666666666666661114666
34061 233242555323343334334434464634666663665665563413663235445
34065 131421424215134111343156644666525664545542541116553325454
34073 331453323543133443443566345243555666545541451113352343555
34085 343454323433335233342334434334445545455555463423551443445
34093 461254456644165666566666635161355666615561351311462444655
34097 424464532423324524252443666666456663555454541441352446454
34101 213353245623122453554345256245566666566563461433661332356
34105 323443444525243545343445666666555553555544432344452533554
34109 453654556626166564466664543556654656544452342631544443441
34113 111221311111121111512123242111666662566666553562561111661
34125 131121213112112312321323322222564553466565562444661222455
34133 633655455655255565555655255152355666622221221111426644221
34137 243333334434233342344564666656564615654334331152432245442
34149 111111111111111111121234124111666545466666662462661111126
34153 546554251626456163566656556566442526442221221122226162221
34161 422241345435135422354314666166664665666561261121661566664
34173 111321214122111111311112211111666661166166661663661111446
35002 121121112111122112223643222211265443566666663443661111455
35006 615665656666626555666662445443121234111211111111215421212
35010 111131122521122212322324221342665663366654565534651221546
35014 411342221225132211463214111111616662566666661121661131666
35018 421264432615124615135255231212666661566655661111661111456
35022 423342433334144525555665444161655666655451121241531441664
35026 131122212111112223151522222232566564566665552563561232445
35030 131343325424113222661665666565363666654441114351112325444
35034 533544532555556565555666666465442466524343333231433555331
35038 111121212112122134451536422342666664566665561552661662666
35046 311442222223123122632346646466666165465664461551551111666
35054 524553525655566453255555444544443322244222221221225551452
35058 212243334412233233463223666666654552345454542441553446444
35062 555666565616566665166661111111111156111111111111416111111
35066 111222242232121423553345655563664666554553221431531133555
35078 131143324123123333343444446444444566544341431444252334443
35082 121421114321211211611413365355216441466666665555661513556
35090 332554541655345554354545666666565665454433441112354546444
35094 653664455466365562166562243132212312213121111151226431111
35098 433554515265225454443565254344424555543221231111333443342
35102 111111111211111111621444456315666565566665661141561111666
35106 232113334552144444462665656666665666555452141122643534455
35110 231331353443134321656664666454556656666664541161153334444
35114 131221242222142231242425322132466665666464441441641232554
35118 131111142141132112533343343333465663365655161133551122556
35130 111241114111111111144466224111666666666666163434661111156
35142 111121222211121221251236212262466656566555566645541222555
35146 111122112111111233542542334241666554566665253563531132666
36002 343231324213123244643534444454666663456555661332661333655
36006 111121214122121212152453222222255654555655551452451131456
36018 554565455566445555366665455444354434341441121111125563612
36022 141131644111141611124643434323666462466566461451661213666
36026 433553544644345454555116656466444446444543452221354551552
36030 333443443545344351655664356336565665555554551221452233565
36034 111111111111121212251615222253266552166665562553661112566
36038 111111111111111111166114111111665161366666566661461111666
36046 222343434233244454134334445444444464354443442352452434445
36050 643663645455245554265665153233221225222321121121114553221
36062 541121411411114111631666656165666666166664261631261466655
36066 221442233233145332554556444336665565565453351331442222555
36070 111112121111112111412544431223665652266655564544631512656
36074 555555554655245364346663544634131414212231211311336552111
36078 662664656666246514161615112111111166111111211111116611111
36094 111111111111112214244556236232666666665465521161631152656
36102 151141113111132444662455526256665555555554653232561312556
36106 221232234222132332655234223232665554566655563444561112466
41003 232342233532323232423244545445454454245444443343442334544
41007 111111111111131111141435112111666665566666661551661111556
41011 241141414211222333565665445454465666554543231131452443343
41015 522653554654154554653513365243666441566664561442651112666
41019 552565625566226554565665542132111636112111161111616511211
41023 411541414223113411444243445224665664565653261331661112565
41027 421456226555146651564666455555222656213211311121124554542
41031 223222213434123222256436666655666644566665564453162226556
41035 643666666666356646466664344333333445313141121611116564321
41039 221333331412142212352424554454666565466663551342451143555
41055 131443434423124433553326545443555665255454341343341334444
41059 211511115111114111261115465544663451166666663255561111656
41067 321333323233234244654544445454563665654433231332423334444
41075 231343334333333333334234554444455124355453332442343334444
41079 111131112111111212441433445524566554466664562562661223555
41083 121111121111122312342442234332566444466654556655661232556
41087 343443333333353342243434334343666644266664663443663333445
41091 624666666651646664343664423222121113112211221111126621111
41095 111111111111121111231231111111565444266655263453651111116
41099 666666666666546465566666666666666666666561351152666666211
41103 221231212451113624154165456465665655466664463461662514656
41111 241243143223163322152466666364665656665666165622661111666
41119 666666665646666433365664452213343525332321231611246662111
41123 211344242333142554566666535463445666654421141131212123666
41127 111112111112111111161516111111666151166666665655461111616
41131 651666666666364661165616112151211216211111121611116541251
41139 121122232121151223121212225132616653466465266555566613666
41143 211333443323134321444324444344445665454443221341422333454
41147 656656556666456556154655444244322325311231331611236552125
41151 666664656566666151116611111111111111111111111111116161111
41160 121121111111113111456564544441665666565453231431631511555
41164 636441646645345423344364666545566664466554654446654445444
41172 111111116111111111111111111111666661166666661661661111416
41174 231434445623243353644345646566454444442343343321433444443
41176 231141224112223333343133434344455413344454451354343333545
41178 654665655656566523466652152122221244212222121111215332422
41180 313333332233233331443464464446443664464613441131561334444
42003 111111112311111111112111116111646241166666663645661111166
42007 131341313611223534452325536664666664666542361351652334555
42011 111141111111116311545466444143566664466456261111631111556
42015 234332323233155323644336666655564654556652553343642644645
42023 214461453624155311161616545155666666666666565665561611466
42027 523442252644244316255545545554666665666664661362661223555
42031 111121211211111241342253144121666655566665652563561111636
42035 111211111211111111641234111111566661266666661431661111666
42039 111441412434124311321515234112666661265664651341561111666
42043 545563535636455553265555664665554665645441441222244546322
42047 666666666666665311165611161111111111111111111111116111111
42051 442444444414143352565566666666665664665651241115243445442
42055 231232322322223452454545444454655645545431341121542333555
42059 663666656666555632166161111111111112111111111111116511161
42067 111111111111111111141212353111466541166666663665661111636
42071 111111144111142111511426656456666462266665641555661616666
42075 222122313231122224222124444542566652266565553566451223555
42079 121422223422122212242153564245662554465555553533551223555
42091 322334444343242342452564555555455666644432542113243525554
42095 142121211111221222552334444343666664466553661451652225455
42099 131132232131132322254163234334666665566465552363353333445
42103 121221122222113211122113452222666561166666661541361111566
42107 611251415522115322122255255232666564666665351121151111466
42119 111111112113111111134416122161566551566666561321111111116
42123 141441514415124211144116243132566444466166363664631113666
42127 664666616666656561166642151212111165211211111111116111111
42131 141223121541154112665625213151556666666561231543521111666
42135 111241515511211111123114535152666542166666362644661331246
42139 231331323232123333364214666656564564555454441141351233655
42143 121242422412123131512223666646663653266545454421411446444
42147 111222213332122232243264224143556566656553341542361323665
42151 654566666656556555164664232213111224211111111111515531221
42159 654665661666546464165662121121211225211211111611126541111
42163 321343223443224223365253233252135166321221111232112321554
42167 553665566656466565366665231221254426322421231111325641111
42173 121111111111111111441122111121566515566651662251661111666
42179 121111141111121211121122111111566551163536666666461111546
42183 666666646666661211116551111111111111111111111111116161111
42185 333333233643424343443344354523343434644353424322443336433
42187 222232222222222242555545255255454556655553352242561232455
42191 224452464513135523663666666666666666666662561121662336452
42193 334343333333344333343666666666666664564655563624661336545
43003 531561416654125121153366512254666664566566661611261512665
43007 215454443444213552254564646454666655566665651231642556555
43011 111111111111121111113114444414466443166666111363661141466
43015 111121111111112111551355343151666663566665351552661111446
43023 331334242323123455366665534453234665622331121421212443442
43027 111215111612112212144554464544566662666665551551651613666
43035 111111111111151111111111251111464661166666661662161111666
43039 121422223212132422333233354422565544555545553443541223456
43043 666615666666656412166662121111123154625241151111326111111
43047 633643635546345665655364656665564455544432542332434443442
43051 111611141412121531151634113111666665266665663661661111126
43055 121232212211122222222332222332566244266634664544661232465
43059 111111111111111111141113111111345661266666665565661411416
43063 564624546146651241144141114131111113112111111111113141121
43075 211231212132112223232215434423464663455654442341551122565
43087 112352633313132221553145344452666561365656653322661312666
43095 221222224222142141222465566656666656566665661521661211116
43099 111121111121222111566362232111566664466666661441661111666
43111 666666646666666611615164111111111111111111111611116161111
43115 111111111311112111311114162411666341366666664665661116626
43127 633666646556364466464165444434253326323221111611523663331
43131 111121121111121113633622222122664663266566563462561112126
43135 243344234132114563466666446253354666644311231111633434555
43139 533554545345345453665443655455333535433331331622344354222
43143 332342332653253332353544434343555664456653451441341122555
43151 111122111111111111353322212141455443266554254434561211346
43155 111121112411111212464454234123465666566555231121451112666
43159 121122111111112121151553331333565665566666664661661212636
43163 111111111111111111141111111111666251166666664566661111666
43165 532552444445215411412324645435665445355654463441661234544
43167 121111112121122222241242333231515564466666561241561122666
43169 221241232323133212343424445424566561366666463442561253446
43173 111241112221115415524366432251465665566653361414561231556
43175 655665666666644424235661111111121121211111111111216461111
44006 643666666666245553156615212241322426631111121111426111111
44010 663666666136666646365164234141121442312121111111256641211
44014 611666646666116116552466555124666666666661661111661421455
44018 322444335544233434454555434253565666564433561131443343443
44022 431554444534142554555555655655555652455542231332232345545
44030 424655432143136441466664666656223646441511241111124543221
44034 111121111111111111124114452122466665566665561565661111666
44038 221352422433144312241125224223566553266646563454661112666
44046 311142241121142323141462343464666665166664551121661221656
44050 662665655656321611165652111111111115111111121111156111111
44054 214141143632642552531115444565666555666656663643661213656
44058 662666666666566555666164121112111115121111111111116151111
44062 111131122111121334265256255243555655554533551311562432454
44066 666666666666666411166662114111141114161111111111116113111
44070 122141422412221222251234444243556553466665663331652223555
44074 121112222112122122233443223252666454465553351562541112666
44082 111111111111111111431123111111666451166666665562661111456
44090 461434441344245464665666666666345656664661431111214563342
44094 661666666666666111166614111111111111111111111111116111111
44098 554665645656556555456663454455555666635521451111555435542
44110 533363646316142411114146124113664662136426661111461111666
44114 665666666666266242166661312522121612111111111611116662211
44118 441433333234131211461635646444666663266666611441561112146
44122 633661424616136521262255666646465661264646661461361613166
44126 111111111111111112121256224151666664666665561225361111166
44130 121222211122122233262153333333566666556643161112462223556
44138 331522454255156421265624223222132545211211111111125531121
44142 112121111111111111243414443424666655366666561161661121656
44146 111231212422113343366454333343565666645646341511311333444
44150 121121111115114211611223245111666645366665662452561111666
44154 111111111111112111161151111111556662156656351462351111446
44158 162121221121221312261225242234666654566666663442652224666
44162 444444444444345466364565546666664666564342341343553556233
44166 421444432434143423442334235252666666566552331343441222656
44176 111313131412112161161153322233566665566665661341661411446
44178 125143111211115333233555444444665666465554541112451434554
44180 231221124121121211566615222132555666644554441241441111546
44182 645616666666656551165164111111111125111111111111131111111
44184 212232222422222452555226665546655466565555454451552425555
44186 665666666666566352166662312132111162111111111111116111111
44190 111121311111116122523433244115666663566666544661651111636
44200 665666666666666444144661112221111112111111111111116131111
44202 111111111111112111311113212121665661166666661431661111446
45003 222221223222113222523534222222565665665564361231541222445
45007 141221211412111111524225666656666666666665661542261111666
45011 421342325334125342445556445652556656635351121142512433541
45015 121111111111112122322333343333666555366566663663661133666
45019 545654553555565352255656343433343665322542241111325534221
45023 411655456634153411653464466666666666566665351561651144666
45027 411252214124131112551434145211566434666655665556561112516
45031 112121123211112132344334444344554366455452341551531123555
45035 112121111111111111651213666464565455645453342444331113665
45039 121122223111121211265344343343565664456646251253421113466
45047 111111121111122113442413151114665551166655454136661113661
45051 312342224212241211151114445545666662566566661443661115666
45055 111111214111111111141314161111666654466666663663261111666
45059 411554444424144112442114444241666661466666541552561161116
45063 131121121111111112222224222243666662266665662554661112666
45067 451452425425125555445545666666253536544351232151343656642
45071 665664645556145564365555112321151226212111111111125511121
45079 662666666666266565256561112212111614211111111111116211121
45083 221233242413122211411123666535666664466155661121561112666
45087 216251213233524223262126556555666665666665561565661616666
45091 111121323411122255563556556655666666665225461221261215666
45103 552665616155315665262664114161111115111111211111111111111
45111 131333313343145311441346464364566564666662663232361326666
45115 111121121111111111422155422111666652466666662233661121446
45119 665666666666665651165661311111111224211211126111216631111
45123 232332312232124555252555324243555666654344341111431222666
45127 666616666666666111466661111111111111111111111111116661111
45131 443165616666456666465155544554134415413341331113545543444
45135 441565565662255364265415445355344445413221521511324453212
45139 363564565235226263666665254222111416114111111611116411111
45143 612461415616324322652466666426666664666666661451661236664
45151 666666666666646351346661111111111111111611111111116111111
45155 121221512212131111231343364434356662355653251241561234553
45160 651654655556556565155556111111122616112221111121216122112
45162 111111111111111141441665666666666564566665661361661536356
45166 653664666666556455166665215112123614521211121111225151111
45174 221231333311113313132245434334666665466565353544621113555
45176 442541436546235551554566656666232562542131221121232636323
45178 111211111211151341666166154141666636666651562131651111666
45182 443454455545354465365335665446444544554542441232443336443
45184 221241544221122316151225221151566162265555253551116121165
45186 453555546655335566355665444344343334423332331131425454222
46007 222332343233333333233423334332656433356564554454656223554
46011 122143234111125222544244344441666653566665555252566243655
46015 111241112111152333532241233111563232466665263451661651666
46023 211432413533115412111114425422656662265566561221651211236
46027 111111111111111111161114151111666661166666661666661111666
46035 324242332323333223443544545445546423464565454554452233544
46043 133141311412253314665665534544444566545421321464532432454
46047 555666565666566525166666156155121615211221111111116661111
46051 111141241111131344361246666466666664666665161145561544555
46055 121222212421132443535524224224666564556552252552621222565
46059 552654565566365565155666544454563665554521341111354523221
46063 111111111111111212422445646235666654466664351243661123555
46067 121151111111124545442464212111455666636661261111221112466
46071 111111111111111111211161121111665441166666666666661111366
46075 233333343333243331444435344311664664464642341231341111444
46079 662666616666661665214665211131111215611121121111416252111
46083 655666661666521565165666225222121151511111111161115512221
46087 223341343231243242542465565354555664554644441111543443534
46091 211452425363124432155336666656554554642241111232121364543
46095 666664656626654343356162121132111312121411311111116541111
46099 651622415666166341164666666466666666666666661241661645566
46107 111211111112121221511341613121566445465555614454511111566
46109 111111111111111112211113111111463553466665664665661111666
46113 533655556646445454566664655553464546642431151121246444141
46117 212241132214122112131315232211666664266666661541661311666
46119 665666666666666545266666324642452554444222221112346641122
46121 111121111121141111322454344326665665565665551131521111556
46123 121131222121141222564556266263566666666655551151461222666
46127 111141111411111111311231164142666564666665662663461511656
46129 162565656625144363156663212111211216211231111111111651111
46133 442654454555444555464665443443222226522211221511225253225
46135 111442445515121222641115416111666662566665551464451212166
46141 665666566666566655466666554561222662621612221611125522351